500 500
5 2 -8 8 -6 0 -7 -9 6 8 -4 9 -7 -1 -9 9 8 -9 3 -4 -5 6 -5 -5 9 0 3 1 -4 -3 5 -5 -6 7 2 -7 -6 -7 6 -7 9 2 9 3 4 -5 3 8 -8 -8 7 -8 -5 9 -4 8 9 -5 -5 -1 -6 3 0 -3 -2 -4 8 -4 1 -4 -7 3 -2 -1 3 4 -1 -9 0 7 5 7 2 8 0 -8 0 -9 8 -8 6 -3 3 4 9 -1 0 -3 -2 6 -4 -5 5 4 8 0 2 -4 -8 -6 8 -7 -3 3 -9 0 0 -5 7 -6 7 -2 0 1 5 -1 1 -5 -8 8 4 8 -1 9 0 2 -1 6 0 -4 5 1 -1 1 3 4 0 -7 6 6 2 9 0 -9 -8 -4 -1 1 -9 6 9 -4 -8 9 -7 4 3 5 -6 0 -4 -6 2 -8 4 -6 6 0 0 6 5 9 -7 5 0 8 8 -2 -9 -7 0 -9 -3 -1 -1 4 5 -8 6 -5 6 -6 -9 8 0 2 7 8 3 -9 -5 9 -3 -5 -8 7 3 -8 -9 -4 -6 -8 9 3 5 -2 2 -7 2 2 9 7 -7 -9 4 -7 2 -7 9 0 7 -3 -1 -7 -9 -9 -7 5 -1 7 5 -9 -6 1 -8 -9 -3 8 5 5 7 0 2 -1 1 1 -8 -4 8 0 6 0 3 6 -4 9 -6 -3 9 4 8 0 8 -6 -2 3 9 2 -5 3 -2 3 -4 5 -1 -8 -8 8 -5 -3 -8 4 3 -9 -7 2 -1 8 -7 -9 4 0 0 -5 -5 3 0 -9 2 3 -4 -2 -5 -5 5 7 4 -2 -2 9 2 -7 7 -3 4 4 -3 -9 2 -9 -4 -9 0 0 4 9 -8 8 -6 8 7 -8 4 -1 5 -4 -6 -3 -7 3 -4 -8 -4 -8 1 6 -5 0 -1 -1 -1 8 0 1 1 -2 2 2 0 -4 -1 0 9 -2 8 7 0 -7 -6 1 9 -1 1 0 5 1 7 -2 -9 -5 -1 1 -9 6 5 -3 9 0 -1 9 9 4 -8 9 7 8 -4 -8 -1 3 8 -1 -4 -7 -6 -7 -8 -4 4 2 -3 3 -9 5 -8 -8 -7 -4 8 -9 7 -4 -6 0 5 3 -3 -3 -7 6 5 -9 3 -8 1 1 0 5 8 0 -6 8 -3 -7 0 0 1 4 3 1 -7 -6 4 8 8 9 6 4 9 -9 2 -5 -7 -9 0 -7 -7 -7 6 -8 -7 0 0 2 8 0 -6 -7 -7 -6 
Min 33 276
Sub 170 454
Sub 65 366
Max 105 449
Max 282 489
Add 94 108
Sum 36 207
Min 9 307
Add 166 169
Sub 311 326
Sub 20 396
Sum 5 431
Min 182 385
Add 60 408
Add 52 53
Max 118 228
Max 346 471
Min 226 268
Max 165 314
Add 387 487
Max 163 351
Sub 445 489
Min 9 113
Sub 358 443
Max 290 363
Max 351 477
Sub 290 351
Max 69 84
Add 246 409
Max 104 492
Max 92 459
Max 178 188
Min 174 220
Min 113 424
Sub 418 440
Add 48 457
Max 138 451
Add 42 400
Max 75 454
Add 278 375
Sum 219 431
Min 191 438
Max 370 467
Max 66 130
Sub 274 366
Sub 24 329
Max 15 35
Max 207 352
Sub 437 448
Max 190 486
Max 240 250
Add 297 342
Sum 44 321
Max 166 353
Max 393 470
Sum 125 359
Sub 240 307
Min 137 231
Sub 112 416
Max 285 285
Max 272 418
Max 21 321
Sub 128 349
Max 33 156
Max 466 479
Max 132 381
Sum 39 111
Sub 99 174
Min 152 428
Max 45 402
Max 267 305
Max 82 209
Max 87 265
Add 139 165
Add 145 487
Min 172 178
Add 146 196
Min 178 463
Max 405 419
Sub 27 403
Min 97 216
Max 393 428
Max 148 457
Max 226 318
Max 56 469
Max 306 353
Max 172 270
Max 244 251
Max 137 410
Sub 198 269
Add 408 451
Max 139 139
Sub 61 330
Sub 11 30
Max 144 291
Max 209 499
Sub 209 495
Min 19 168
Add 169 324
Min 279 452
Sub 153 171
Max 220 414
Max 333 456
Max 21 174
Max 350 455
Min 83 446
Sub 63 477
Add 328 450
Max 78 251
Add 132 233
Min 174 462
Max 121 121
Sub 12 167
Max 344 366
Add 183 225
Max 18 344
Add 128 301
Add 206 425
Sub 23 227
Sum 20 425
Min 241 276
Max 110 409
Max 176 188
Add 347 409
Max 234 391
Sum 241 245
Max 130 196
Min 83 248
Max 171 292
Max 90 103
Max 225 265
Sub 280 328
Max 444 466
Max 150 382
Sub 7 477
Max 68 343
Max 227 383
Sub 119 395
Sum 117 277
Max 42 109
Sub 146 154
Sum 150 411
Min 105 384
Max 16 180
Sub 1 127
Max 3 389
Sub 76 441
Max 196 323
Add 280 345
Add 179 453
Sub 375 407
Max 235 386
Min 371 487
Max 8 117
Sum 263 406
Max 109 180
Max 48 318
Max 76 238
Max 286 449
Add 173 454
Max 209 474
Min 30 302
Max 154 222
Max 161 357
Max 44 475
Max 101 477
Sub 386 481
Max 9 249
Min 275 383
Sum 165 461
Min 150 258
Sub 424 449
Sum 37 217
Sub 186 203
Sub 357 466
Add 245 335
Max 183 483
Max 148 186
Sub 267 272
Max 250 411
Add 20 465
Sub 368 414
Max 132 158
Max 211 437
Add 396 455
Max 110 166
Max 151 157
Sum 268 307
Add 215 375
Add 83 269
Sum 258 464
Sub 80 240
Min 399 452
Sub 164 185
Max 112 279
Min 214 237
Sum 202 209
Max 130 194
Add 292 478
Max 432 464
Sum 263 379
Max 443 462
Min 16 366
Min 184 480
Add 193 194
Max 192 246
Max 91 410
Max 215 288
Max 91 203
Sum 373 468
Min 131 187
Sub 313 327
Add 202 320
Sub 457 479
Max 17 379
Min 123 237
Max 181 307
Max 29 271
Max 134 337
Add 7 93
Min 287 288
Sub 94 490
Sub 120 468
Max 453 470
Add 309 432
Add 171 375
Max 129 185
Max 77 446
Sub 308 427
Add 30 291
Sub 45 232
Sub 39 97
Min 333 481
Sub 17 470
Sub 46 256
Sub 264 417
Max 328 498
Add 340 375
Max 221 262
Sum 111 136
Max 40 271
Max 303 497
Min 210 260
Max 122 350
Max 370 393
Min 178 195
Add 313 485
Min 66 477
Min 285 319
Max 211 435
Min 9 246
Add 278 439
Min 359 442
Min 93 346
Max 61 190
Max 150 307
Min 392 497
Sub 245 266
Max 95 319
Max 43 227
Add 19 255
Sum 43 76
Max 54 365
Add 182 359
Sub 325 360
Max 4 310
Min 161 431
Sub 134 249
Add 162 437
Max 366 479
Add 74 220
Sub 63 88
Sum 86 136
Add 227 356
Min 128 398
Add 267 385
Min 294 445
Sum 40 393
Sum 329 390
Max 137 486
Min 44 371
Sub 243 285
Sub 80 497
Add 4 92
Max 192 259
Max 180 466
Sub 18 451
Sum 169 234
Sub 270 482
Sub 41 365
Min 361 371
Min 15 446
Min 180 361
Sub 296 373
Min 59 195
Sub 83 114
Add 5 319
Max 237 320
Max 124 335
Add 175 293
Max 299 409
Add 110 153
Max 43 456
Min 211 212
Add 294 404
Max 408 484
Add 243 444
Add 316 383
Sum 270 288
Sub 30 215
Max 289 351
Min 199 290
Max 203 447
Sum 199 412
Max 182 439
Max 278 428
Min 301 417
Sub 103 441
Max 93 93
Max 41 305
Min 104 257
Sub 369 497
Min 242 477
Max 97 163
Min 199 291
Sub 68 309
Add 415 429
Sum 65 214
Min 148 487
Max 73 409
Max 211 324
Max 415 415
Max 229 234
Sub 400 470
Sub 230 427
Max 109 468
Max 290 354
Sub 237 321
Max 361 406
Max 158 493
Min 208 417
Sub 83 393
Min 8 92
Sum 221 268
Max 260 385
Sub 216 324
Sub 365 379
Max 365 397
Max 330 437
Add 43 323
Add 376 479
Add 354 449
Add 210 444
Min 223 296
Min 354 423
Max 126 436
Min 328 454
Max 96 299
Sub 67 189
Max 344 493
Sub 215 336
Sum 283 388
Add 241 458
Max 80 149
Sub 388 429
Max 180 323
Add 223 411
Min 15 408
Max 222 334
Max 236 308
Max 163 479
Max 214 218
Max 338 359
Sum 92 116
Max 210 396
Sub 177 292
Sub 209 266
Min 125 218
Add 327 389
Max 249 433
Max 35 332
Sum 121 469
Max 1 481
Min 133 380
Max 227 257
Max 43 261
Add 30 197
Min 81 399
Sub 271 352
Max 262 349
Max 355 377
Max 191 407
Add 159 293
Min 185 475
Sub 28 108
Max 361 384
Max 17 196
Add 330 334
Sum 225 488
Max 200 398
Sub 274 394
Min 177 404
Max 124 379
Min 109 140
Max 48 493
Max 201 393
Min 82 230
Sub 130 435
Min 88 484
Min 66 85
Min 136 182
Max 128 464
Max 345 425
Sub 374 479
Sub 465 470
Max 77 313
Sub 354 472
Sum 10 187
Sum 88 482
Add 269 377
Max 271 452
Max 200 285
Sub 179 493
Min 265 481
Max 120 224
Sum 101 251
Sub 288 369
Max 441 455
Min 133 292
Min 24 425
Max 15 236
Sub 230 396
Max 273 330
Max 90 393
Max 136 371
Max 474 497
Min 159 496
Sum 360 491
Sub 212 217
Max 49 404
Max 19 437
Add 18 387
Sub 412 454
Sub 59 136
Max 42 486
Min 121 297
Add 151 354
Max 123 347
Sum 97 182
Sum 138 356
Min 32 270
Add 14 157
Min 81 274
Add 201 356
Add 337 412
Max 164 271
Max 347 414
Add 167 334
Sub 328 343
Add 350 395
Max 62 79
Max 18 457
Min 16 90
Max 202 251
Sub 213 418
Sub 249 331
Add 158 452
Max 168 344
Add 32 311
Max 123 372
Add 43 90
Max 263 417
Min 134 252
Sum 448 456
Max 282 462
Max 358 389
Min 100 300
Min 317 388
Min 281 383
Sub 117 325
Min 47 325
Min 366 410
Max 291 334
Max 28 419
Min 44 346
Max 235 348
Add 94 422
Min 238 324
Add 423 429
Max 76 130
Sub 102 377
Add 252 484
Sub 30 282
Add 156 469
Max 333 364
Min 14 388
Sub 109 325
Max 123 200
Sum 204 354
Max 165 194
