500 1000
2 7 6 8 4 6 7 6 6 5 6 -6 0 -5 -2 -2 1 -5 1 2 7 0 0 -4 9 -9 -5 3 1 7 -6 7 -4 8 7 8 -2 1 7 8 -6 -6 -4 4 4 -6 0 1 -8 -5 0 -9 7 5 7 -2 8 -3 -6 -2 -5 -1 3 -8 2 -9 0 0 9 8 -1 2 3 2 0 -3 -6 -7 -9 2 -9 3 -1 7 8 -8 6 0 -3 -8 4 -5 -6 -3 8 -8 9 0 -6 3 7 0 1 3 5 0 7 9 -3 2 -1 -3 0 5 0 0 -6 1 -1 0 2 -5 -7 0 -2 -6 -2 -4 4 3 4 -4 -2 -1 4 0 2 -9 -2 4 -4 2 -3 0 -8 9 2 -7 9 3 -8 -6 -5 -1 -8 -2 8 -5 -2 -6 3 -5 -6 -2 8 2 -9 -3 -5 5 0 -6 -8 8 -7 2 -9 -3 -4 4 0 -4 -7 -2 7 8 -7 5 6 1 -2 -4 -7 -2 0 -3 6 4 0 4 -7 4 6 1 -6 -4 -8 -5 2 -2 8 1 -4 6 3 2 7 2 -9 -4 -2 0 2 9 6 0 -8 7 5 -4 -4 0 8 0 5 7 -9 9 0 4 9 9 -6 -6 1 6 -5 7 -9 0 -9 -5 1 -2 5 -7 -8 -4 5 0 5 5 -3 -9 -5 -8 -4 -2 -3 -3 -3 8 0 0 5 8 -2 1 -4 5 1 0 6 5 3 6 -7 -3 1 7 1 4 -3 -4 8 -3 -4 -3 -1 -5 3 -4 0 6 2 2 -5 0 -8 6 -9 1 6 -9 -8 9 1 6 6 3 -8 -5 9 -2 -9 3 5 8 2 -1 3 7 5 -1 -7 5 3 -5 0 9 -7 5 5 6 6 0 4 -7 0 0 -8 -9 5 9 0 7 -3 2 -2 7 -4 2 8 -9 -1 7 -7 9 -8 3 8 4 8 -5 -6 -3 0 -6 -8 -3 0 7 7 -4 5 2 0 -7 1 3 3 -9 5 -4 -6 7 -5 -8 -5 -3 2 -6 7 8 1 -7 -1 -8 -9 3 0 5 2 -9 3 -6 -1 -5 -3 -5 6 -5 3 -6 -1 0 -1 -5 5 0 -2 0 7 -4 -6 -6 -2 -8 0 -6 -9 0 -7 4 -6 5 7 0 3 8 -3 2 -2 -8 -7 1 -6 -3 -5 5 6 -4 -7 7 -5 -1 -3 5 5 -4 -4 -3 4 6 -5 0 -7 8 2 -8 1 7 -9 -2 7 -5 9 7 7 -6 -6 -3 -8 -6 9 8 -8 5 0 3 
Max 238 239
Max 216 414
Max 83 162
Max 344 364
Min 223 354
Max 315 414
Sum 81 162
Add 301 466
Max 63 140
Min 35 38
Max 21 407
Sub 307 421
Sum 121 440
Sub 360 452
Sum 90 429
Min 114 380
Max 103 494
Max 156 344
Add 266 434
Min 31 171
Sub 231 305
Add 118 148
Sub 22 433
Sub 30 89
Min 114 400
Min 230 385
Sub 74 215
Max 125 371
Min 15 400
Sum 32 162
Sub 196 286
Sub 448 497
Sub 297 428
Sub 303 477
Add 303 352
Sub 123 447
Min 239 470
Add 322 413
Min 11 471
Min 2 378
Add 188 271
Max 5 342
Max 56 136
Add 145 193
Sum 222 310
Sub 188 240
Sub 323 380
Max 232 242
Min 239 457
Sub 124 364
Max 266 457
Min 62 326
Sub 7 394
Sub 33 83
Max 227 267
Min 387 419
Min 178 269
Max 366 373
Min 158 490
Sub 55 142
Add 374 445
Min 108 228
Max 85 354
Max 44 403
Max 15 41
Add 26 456
Sub 419 441
Min 133 417
Add 19 163
Max 26 187
Sub 371 468
Max 323 434
Max 135 447
Sub 9 242
Max 154 238
Sub 18 309
Max 291 375
Add 105 278
Max 239 318
Max 111 213
Max 124 498
Max 157 317
Min 70 315
Min 274 499
Add 198 469
Min 203 281
Sub 109 450
Min 8 361
Add 176 355
Add 113 117
Add 499 499
Max 90 104
Min 247 369
Min 303 488
Max 155 199
Sub 99 303
Min 94 348
Sum 55 410
Sum 123 287
Add 343 368
Sum 387 403
Min 245 496
Max 152 226
Sum 453 490
Min 308 469
Max 330 377
Sub 57 348
Max 453 497
Sum 12 264
Max 99 249
Sum 218 486
Min 136 211
Sub 60 263
Sum 158 467
Max 181 483
Min 122 397
Max 238 368
Sum 50 260
Add 330 495
Min 57 250
Min 270 386
Sub 334 447
Sub 109 221
Max 189 210
Max 177 197
Sum 255 279
Min 340 485
Min 6 494
Sub 17 290
Max 378 499
Sub 282 356
Max 89 200
Max 169 297
Min 51 114
Min 42 97
Add 117 336
Sub 53 74
Sum 77 409
Min 239 339
Sub 400 452
Min 60 438
Add 13 69
Sub 231 492
Sum 295 319
Max 176 195
Sub 90 282
Sum 107 268
Max 1 247
Min 278 464
Add 63 101
Add 359 425
Max 134 186
Max 285 313
Sum 268 387
Add 239 411
Min 108 370
Sub 39 470
Max 379 444
Max 279 493
Max 400 437
Sum 243 464
Max 182 432
Min 138 428
Max 11 213
Min 128 148
Sum 33 293
Min 362 422
Max 73 279
Sub 134 242
Add 223 270
Add 142 308
Min 275 459
Add 21 110
Min 189 397
Min 141 447
Sub 127 139
Max 159 388
Min 184 313
Min 172 288
Min 48 476
Add 22 335
Add 150 499
Max 65 175
Sum 89 156
Max 184 493
Sum 78 440
Max 250 316
Max 415 484
Sub 302 367
Min 128 359
Sub 132 312
Min 343 407
Sub 212 474
Max 56 76
Sub 208 487
Max 163 223
Sub 66 388
Max 142 362
Add 193 305
Add 87 372
Sum 50 391
Add 38 77
Max 11 71
Sub 60 96
Sum 23 139
Sum 69 191
Sub 69 276
Max 31 167
Max 204 448
Max 382 416
Min 108 433
Max 200 346
Max 214 312
Min 300 333
Add 228 351
Sub 371 438
Sum 3 332
Sub 354 416
Max 94 366
Max 378 481
Add 174 427
Sum 79 399
Add 262 347
Add 9 86
Max 262 438
Sum 262 293
Max 91 339
Add 16 277
Sub 275 285
Max 402 452
Sub 31 132
Add 387 427
Max 89 427
Max 57 162
Max 193 481
Min 77 117
Max 149 312
Max 357 379
Max 54 411
Max 164 354
Max 132 247
Sub 92 113
Min 191 443
Min 168 261
Max 456 466
Add 228 290
Min 160 311
Sub 157 260
Min 4 448
Max 89 164
Max 189 447
Max 118 424
Min 68 406
Sum 29 479
Max 225 293
Add 62 149
Sum 103 377
Max 95 496
Max 9 486
Min 326 389
Max 7 97
Add 280 295
Add 210 476
Min 343 435
Sum 180 238
Max 198 387
Max 158 476
Add 256 374
Sum 203 394
Max 139 491
Min 54 312
Sum 311 416
Max 64 282
Max 248 370
Sub 97 195
Min 217 310
Max 237 474
Max 207 209
Max 99 108
Add 296 491
Max 5 379
Max 391 399
Min 180 379
Sum 47 48
Sum 373 390
Sum 161 435
Min 102 323
Max 171 384
Max 66 155
Max 349 450
Min 180 379
Max 3 369
Max 35 370
Max 144 342
Min 171 360
Max 31 132
Add 85 135
Sub 81 483
Min 92 496
Sub 209 371
Sub 43 286
Min 71 352
Max 135 347
Sub 41 370
Add 11 317
Min 287 493
Add 57 463
Max 30 380
Max 251 274
Min 279 360
Max 119 438
Max 148 448
Min 81 179
Sub 94 389
Min 40 97
Max 225 494
Sub 31 308
Max 160 487
Min 264 411
Max 394 469
Max 156 262
Max 225 492
Sum 84 145
Max 62 489
Add 23 157
Max 90 132
Min 185 268
Min 121 302
Max 239 444
Min 31 498
Max 435 483
Add 103 196
Max 381 410
Sub 267 430
Min 131 181
Max 265 343
Max 92 124
Sub 13 208
Max 424 483
Add 196 357
Sum 93 375
Max 192 480
Sub 6 279
Add 160 437
Min 150 460
Min 169 271
Min 205 372
Max 200 366
Max 456 484
Sum 349 458
Sum 32 193
Max 281 349
Max 286 499
Sub 251 477
Max 106 131
Max 132 229
Max 76 306
Min 174 458
Min 118 240
Add 228 406
Add 206 491
Max 187 448
Max 24 126
Max 107 194
Sub 376 460
Max 145 228
Max 230 268
Sub 325 390
Max 71 410
Max 142 151
Add 196 308
Max 43 325
Max 318 414
Sub 8 456
Max 169 271
Sub 176 254
Max 275 291
Max 303 391
Max 350 466
Max 143 235
Add 329 417
Min 107 429
Add 99 122
Sub 61 336
Max 148 273
Sum 351 429
Sub 396 411
Min 90 337
Add 84 380
Sub 7 230
Sub 64 359
Max 8 459
Max 142 439
Max 15 131
Max 47 157
Sub 6 338
Min 93 244
Max 260 481
Min 126 451
Sub 305 358
Max 84 171
Max 288 383
Max 50 398
Max 150 194
Sub 155 209
Max 17 155
Add 22 197
Max 102 479
Sum 67 453
Max 62 72
Max 167 179
Max 99 243
Max 19 441
Max 36 370
Max 176 377
Min 216 286
Max 468 469
Max 168 276
Min 224 387
Sub 370 466
Max 306 465
Max 75 475
Max 296 382
Add 12 312
Sum 124 484
Min 230 237
Min 212 304
Max 66 328
Min 85 206
Min 270 313
Max 385 431
Add 16 385
Min 352 390
Sub 286 338
Sum 257 448
Min 127 252
Max 256 306
Sum 297 339
Sub 274 342
Min 97 209
Min 38 438
Max 106 335
Min 269 419
Max 160 346
Add 24 300
Sum 85 483
Sub 80 315
Min 99 407
Max 263 494
Add 299 382
Max 33 375
Sum 234 239
Min 371 395
Add 235 318
Max 300 356
Add 33 486
Min 12 75
Max 20 93
Max 39 141
Max 265 340
Sum 65 355
Min 226 460
Max 181 202
Add 94 296
Max 34 180
Sum 66 126
Sum 338 396
Max 142 151
Max 348 408
Min 136 343
Add 53 65
Sub 113 181
Max 5 253
Min 320 414
Max 189 232
Max 400 410
Add 224 412
Sum 56 355
Max 261 496
Max 77 448
Max 349 359
Add 63 234
Max 91 154
Min 41 313
Max 212 494
Add 340 343
Min 160 412
Add 223 399
Sum 27 216
Sub 154 363
Max 51 94
Sum 260 407
Add 114 432
Max 70 89
Max 96 397
Sub 27 79
Min 158 365
Min 267 271
Add 132 143
Min 231 365
Sum 32 330
Sum 139 260
Add 344 443
Add 222 255
Max 24 442
Max 57 466
Max 155 212
Max 166 289
Min 22 250
Max 207 346
Sum 295 339
Add 5 143
Max 278 324
Sub 183 423
Max 218 271
Max 350 468
Max 107 275
Sub 18 498
Sum 73 443
Max 230 246
Min 1 231
Max 350 417
Add 118 140
Min 8 463
Sum 367 407
Add 476 492
Min 98 437
Sub 2 118
Add 198 437
Max 396 494
Max 237 400
Max 107 138
Min 86 406
Add 37 63
Max 164 496
Add 272 417
Max 50 451
Max 191 282
Add 267 394
Min 115 288
Min 104 391
Max 152 408
Max 229 267
Min 7 73
Min 101 496
Max 370 391
Min 127 236
Sub 142 485
Max 54 264
Max 128 249
Add 6 486
Min 263 444
Max 296 457
Min 293 358
Sum 17 121
Sum 209 421
Min 52 342
Max 213 321
Min 323 351
Add 29 121
Max 268 349
Min 258 277
Max 91 471
Min 180 356
Add 1 344
Sum 452 478
Max 111 317
Add 141 160
Max 45 59
Min 119 312
Max 55 488
Sum 145 211
Max 76 337
Max 167 499
Max 236 257
Max 228 373
Min 140 222
Max 37 435
Min 193 446
Max 290 398
Min 190 460
Max 251 322
Max 96 217
Sum 207 234
Sub 38 160
Min 135 349
Max 95 202
Max 75 328
Max 184 498
Add 36 492
Add 482 493
Max 19 398
Sum 222 428
Max 37 324
Add 240 336
Min 7 179
Sub 135 434
Min 160 479
Add 199 237
Add 66 403
Max 253 466
Min 88 459
Sub 47 497
Max 167 417
Sum 43 227
Max 141 195
Max 468 468
Min 356 484
Max 172 301
Max 257 301
Max 140 232
Sum 190 355
Sum 3 198
Add 112 296
Sub 192 276
Sub 93 191
Max 402 442
Min 320 468
Min 82 275
Min 279 472
Max 381 438
Max 96 303
Max 6 199
Sum 197 257
Sum 295 366
Max 118 415
Min 140 447
Sub 147 338
Max 243 491
Max 26 214
Max 116 134
Sum 219 289
Sub 341 490
Min 73 153
Add 188 385
Add 406 408
Sub 38 499
Max 157 381
Min 414 437
Min 344 492
Add 81 181
Add 256 449
Min 288 447
Max 267 296
Max 315 474
Sum 82 217
Max 236 268
Add 2 282
Max 258 371
Max 165 416
Add 201 249
Min 191 342
Min 133 194
Min 256 257
Sub 178 362
Max 182 436
Max 27 280
Max 35 399
Min 199 389
Sub 144 484
Sub 221 236
Sub 103 142
Min 115 216
Add 9 240
Min 45 247
Min 255 264
Sub 417 482
Max 183 214
Add 309 401
Min 143 423
Min 220 252
Max 350 485
Add 67 282
Min 189 451
Min 267 431
Min 353 471
Add 114 243
Max 16 100
Min 371 485
Max 109 479
Max 223 232
Max 19 145
Add 437 476
Max 205 217
Add 88 284
Max 374 380
Max 250 341
Sub 226 446
Add 114 241
Max 423 460
Sum 237 260
Max 260 440
Add 233 420
Min 55 235
Sub 96 317
Sum 29 205
Sub 58 323
Max 104 439
Add 199 460
Sub 116 357
Max 72 79
Max 90 147
Sum 427 472
Min 395 456
Add 235 265
Sub 318 431
Max 151 265
Sub 43 56
Max 157 462
Max 104 182
Sub 50 321
Max 167 393
Min 21 162
Sub 39 104
Sum 96 431
Min 281 433
Min 385 408
Max 490 495
Max 59 433
Min 417 438
Sum 297 438
Sum 68 418
Max 69 345
Max 247 297
Min 148 236
Add 86 253
Min 185 388
Max 263 344
Sum 113 328
Max 250 261
Min 28 194
Sum 204 375
Min 298 471
Sub 152 270
Max 45 499
Max 261 418
Add 6 117
Max 339 428
Sum 347 439
Sum 439 485
Sub 226 366
Add 160 488
Max 288 412
Add 251 304
Min 15 408
Max 201 491
Max 247 325
Max 206 417
Max 185 203
Max 169 179
Sub 258 278
Min 49 287
Add 32 212
Min 243 282
Sum 122 489
Add 109 423
Max 235 289
Min 334 413
Sum 350 445
Add 25 77
Max 294 383
Sum 112 357
Sum 58 125
Add 133 175
Sub 195 295
Add 100 379
Sub 80 451
Add 126 225
Max 406 466
Min 137 203
Min 397 398
Min 60 130
Min 13 345
Min 186 467
Min 241 288
Max 186 438
Sum 207 276
Max 9 278
Max 178 492
Add 467 497
Sum 144 401
Max 93 436
Min 135 294
Sub 49 266
Sub 6 449
Max 128 380
Min 2 36
Max 465 466
Max 203 252
Add 333 379
Add 68 357
Add 249 412
Sum 259 317
Max 150 421
Sub 440 448
Min 9 226
Max 100 379
Min 132 251
Max 141 300
Sum 73 336
Add 74 348
Sum 280 464
Max 10 64
Max 335 373
Max 175 344
Max 8 249
Max 152 184
Sub 73 300
Min 115 489
Max 428 469
Max 64 249
Add 222 460
Sum 126 366
Sum 121 449
Max 232 263
Min 305 470
Max 43 54
Max 57 435
Min 34 442
Max 63 181
Max 224 398
Min 67 103
Min 75 172
Min 3 84
Min 105 454
Max 90 359
Max 93 486
Add 75 81
Max 225 476
Max 316 327
Add 83 467
Min 184 187
Max 118 228
Sub 39 372
Add 246 363
Sub 65 273
Max 12 499
Add 6 223
Add 229 444
Add 98 165
Max 370 386
Sub 196 215
Max 142 205
Min 213 359
Add 357 463
Add 74 310
Sub 57 195
Min 50 173
Max 13 18
Add 85 393
Max 42 343
Max 372 463
Add 179 419
Max 9 384
Max 19 403
Max 150 353
Sub 352 495
Min 275 329
Max 377 426
Sub 145 167
Max 275 425
Sub 66 241
Min 42 257
Max 108 448
Max 76 161
Sub 54 478
Sum 199 390
Max 74 145
Max 177 403
Min 355 474
Add 87 179
Add 39 209
Sum 57 416
Min 151 367
Sum 333 449
Max 170 315
Max 228 437
Max 109 324
Max 216 354
Min 161 227
Max 172 227
Max 310 406
Max 92 472
Sum 49 102
Min 298 340
Sub 250 430
Sub 50 164
Max 363 367
Min 11 444
Add 71 362
Min 223 373
Min 314 366
Sum 299 330
Max 113 134
Max 335 377
Add 65 251
Max 16 42
Max 132 410
Min 12 106
Max 393 485
Sum 166 229
Max 167 246
Sum 42 179
Sub 11 383
Max 251 467
Min 187 401
Max 122 421
Min 391 413
Add 37 102
Max 355 411
Max 29 157
Max 127 224
Max 36 200
Sum 92 367
Max 37 444
Sum 179 308
Sum 241 295
Sum 1 463
Max 91 370
Sub 72 161
Max 47 81
Min 446 497
Max 5 481
Min 82 331
Add 200 427
Max 199 344
Max 278 331
Min 195 272
Sub 53 197
Sub 28 125
Sum 375 380
Max 60 468
Max 468 482
Min 119 448
Min 372 372
Add 59 75
Max 98 450
Max 119 286
Add 38 405
Sub 101 331
Max 20 387
Max 19 396
Min 221 470
Min 132 332
Min 10 323
Max 406 477
Min 162 416
Max 13 66
Max 206 254
Max 7 491
Sum 237 293
Min 250 497
Min 15 114
Add 173 491
Add 139 318
Max 360 465
Add 50 313
Max 115 158
Add 143 479
Sub 133 245
Add 183 282
Max 24 272
Max 11 181
Max 310 435
Sum 188 484
Min 319 498
Sum 187 476
Add 269 317
Add 210 356
Sub 398 401
Min 130 187
Sum 49 345
Max 212 287
Max 339 341
Sub 318 331
Min 86 413
Add 233 299
Sum 235 464
Add 129 185
Add 341 359
Max 153 433
Max 347 470
Max 172 322
Sum 165 275
Add 117 217
Min 98 385
Max 49 116
Max 201 444
Max 360 474
Max 221 459
Max 296 471
Max 54 221
Max 116 155
Max 140 451
Sum 33 192
Sum 112 333
Min 123 143
Max 213 291
Max 311 469
Max 459 481
