1000 100
-9 -5 -8 4 -7 -1 -4 -2 0 0 5 3 7 -7 -6 5 2 -4 6 5 -2 -2 3 -4 -7 2 5 3 8 -3 9 3 0 9 -6 0 0 -6 3 -4 0 -7 7 9 6 3 9 7 -2 4 -1 -7 2 6 -3 0 -4 -9 0 0 4 7 -9 -3 7 -7 5 9 -7 5 6 0 4 -2 -4 -1 6 -5 1 1 8 -8 -1 -8 0 -6 2 -1 -4 1 0 -6 9 6 0 0 3 4 8 1 -9 3 -6 6 -8 7 2 4 9 1 6 5 0 6 7 -4 -7 -1 1 -9 0 -5 9 9 -1 -3 9 -9 0 9 3 -1 -1 0 -2 3 7 4 -4 -1 -5 2 0 2 4 -7 9 -2 -1 8 -2 2 -9 -6 2 -3 7 3 -6 0 -2 2 -6 -6 -5 6 -9 0 -4 -6 -5 -8 -2 -7 0 -4 -7 -6 5 -3 -4 0 -3 0 -2 4 8 -7 0 6 -2 -4 -8 -5 5 -6 3 -2 8 -3 8 7 -9 -4 8 -6 -4 -1 5 2 -4 -1 -8 -8 9 -6 9 5 5 1 -3 8 -2 -7 0 -2 5 -8 7 0 1 -8 -5 -1 -6 -3 2 5 -8 0 -8 7 -2 9 8 4 0 6 7 0 -1 -6 4 -2 -7 0 1 -6 -1 4 0 3 -7 5 -4 8 -5 8 5 2 9 -1 -4 -2 -3 -3 -5 -9 -5 3 -4 8 2 -6 -2 -1 9 0 0 -4 0 7 -5 4 0 0 -5 0 6 2 8 -4 5 5 -6 5 2 8 6 2 4 -8 0 -2 2 -4 0 -8 8 2 1 -8 3 -3 0 2 -9 -4 8 -3 1 -7 -3 -8 -5 0 -9 -3 0 -2 1 -1 -8 2 -4 -3 -8 3 -9 -4 -5 -6 4 -4 6 9 -6 1 -6 -1 -9 8 1 8 -7 -3 8 -5 -9 3 -9 2 8 -9 3 6 7 5 0 -9 2 2 7 4 -5 2 -6 -5 0 0 -9 -3 5 -7 -5 -3 2 5 7 0 2 -5 -8 9 3 -9 -1 -6 -3 -7 -5 5 7 -1 4 0 5 -1 -3 -6 5 -3 4 1 -6 -4 6 6 6 -5 -3 -8 -5 -8 7 -1 -2 -1 -3 2 -9 0 -4 0 -7 9 -5 -2 5 -1 -4 2 -3 7 4 0 7 -1 5 9 7 -8 7 7 7 -8 7 9 -2 -8 -7 -2 -3 2 -8 5 9 -6 -9 -7 9 1 3 -8 2 -7 6 6 -6 -9 8 8 -8 -7 4 -7 8 1 0 -9 7 5 -6 -2 9 -6 -2 0 6 -3 5 -7 -7 6 4 4 -9 -3 6 5 2 -8 -3 0 0 -7 0 2 -5 -3 0 -2 -2 -9 5 -4 -1 -4 -9 -1 5 -6 7 -6 4 8 3 -9 3 0 -5 -6 -4 0 7 5 3 0 1 -8 3 8 -2 -1 -9 7 0 -5 -4 -9 -8 2 9 -7 8 3 -4 -3 3 9 6 0 -7 9 4 -7 -3 -4 3 -8 -4 3 0 5 3 -7 5 -2 3 -9 5 5 -9 2 8 5 -7 -7 -2 8 5 -8 -9 5 -7 -4 -9 -5 8 6 0 8 4 5 -2 1 3 -9 3 -7 3 -7 -8 -4 9 1 9 -1 -6 5 -8 -2 -2 -2 -3 2 -9 4 1 -9 8 0 8 -1 4 -7 -3 -6 -7 0 -2 6 6 -5 -1 8 2 2 -2 -8 -2 9 0 8 -7 -7 -6 4 -3 -2 9 6 8 9 5 -1 -7 -6 4 -1 -6 1 7 8 2 8 -4 9 -1 -3 -2 2 7 -3 9 5 4 -9 -3 -9 -6 -7 -6 7 -3 2 7 6 0 5 7 -9 0 1 -7 2 -7 7 -2 -7 -2 -6 6 5 9 5 6 8 -6 0 -2 8 8 5 -2 -2 7 -8 -8 -4 5 7 -4 0 1 -4 3 5 0 -6 -2 8 -9 -4 8 6 5 8 8 6 2 3 5 5 8 4 -2 7 -7 -7 -6 -7 0 9 3 3 0 -5 6 8 -6 4 -4 -4 6 -2 0 -6 -6 -1 0 -3 -2 -8 -8 6 1 -8 1 8 5 9 0 9 -2 -7 -3 3 -6 -5 -1 -2 -2 -1 -3 7 3 6 1 4 -6 0 6 7 8 6 6 7 1 1 -7 0 -7 3 0 4 -8 -6 8 2 -1 7 9 -6 -1 -3 0 1 8 0 0 5 2 -9 2 5 0 6 -6 9 -8 -2 -3 0 -1 -7 5 6 -4 -2 -7 0 -4 6 6 9 5 2 6 -4 1 6 -9 2 -9 -5 6 -5 3 7 -9 -7 5 2 8 -9 1 0 0 5 0 -5 -4 4 -4 -3 0 -8 -1 1 -5 4 -2 -6 8 3 2 -6 1 -2 -4 -2 -2 -1 0 8 2 4 2 0 2 3 -3 6 8 3 0 1 -3 0 -7 -3 -5 -3 -5 8 7 -6 5 -3 6 -7 0 -3 -1 -4 -3 3 5 8 -4 5 -8 -2 -9 -5 2 4 0 -6 0 -7 2 -4 -6 -2 4 2 8 2 -8 1 4 9 -8 7 8 -2 0 5 
Max 647 927
Min 421 766
Add 37 471
Sub 128 764
Sub 294 862
Max 310 766
Sum 334 484
Min 415 469
Min 180 301
Sub 140 184
Sum 312 519
Min 350 468
Max 3 497
Min 90 438
Max 332 489
Max 299 746
Min 254 709
Sum 79 267
Sub 261 811
Max 16 787
Sub 121 258
Max 615 958
Max 548 887
Max 81 606
Min 114 926
Sub 178 619
Max 329 368
Sub 808 871
Max 53 629
Sub 747 826
Min 390 507
Add 324 571
Min 166 506
Min 56 852
Sub 157 765
Max 211 481
Sum 146 559
Sum 50 425
Sub 624 731
Sub 326 644
Max 187 420
Sum 722 789
Min 526 682
Max 249 970
Max 96 860
Max 112 576
Max 460 596
Add 595 970
Max 86 502
Add 690 701
Max 457 519
Add 903 934
Sum 45 211
Add 275 570
Min 194 816
Max 375 473
Max 561 782
Max 142 308
Sub 325 943
Max 482 526
Max 294 716
Max 99 231
Sub 445 649
Add 306 323
Max 614 946
Min 407 607
Min 357 529
Max 239 750
Sub 125 496
Max 218 919
Sum 392 861
Max 141 413
Max 729 896
Max 676 726
Max 254 701
Max 148 271
Max 442 505
Max 196 279
Min 382 950
Min 596 957
Add 732 777
Max 182 717
Max 52 640
Sub 498 541
Min 559 730
Sum 79 254
Min 615 817
Max 3 36
Min 439 473
Max 429 863
Max 294 895
Max 599 877
Min 602 898
Add 34 340
Min 673 936
Sub 470 718
Add 181 423
Max 522 878
Max 448 524
Max 337 490
