288 288 288 288 288 288 288 288 288 288 288 288 1
-1.988342 0.392652 0 0.196326 0 0 0 0 0 0 0 0 1420.0
0.392652 -1.988342 0.392652 0 0.196326 0 0 0 0 0 0 0 0
0 0.7865625 -1.9831402 0 0 0.1999432 0 0 0 0 0 0 0.0296
0.0983308 0 0 -1.9831402 0.39325608 0 0.0983308 0 0 0 0 0 140.62
0 0.130884 0 0.524375 -2.000088 0.2621875 0 0.065442 0 0 0 0 18.03
0 0 0 0 0 -1.999249 0.197165 0 0 0 0.393491 0 151.5
0 0 0 0.0983308 0 0 -1.9831402 0.392652 0 0 0 0 140.4
0 0 0 0 0.065442 0 0.524375 -2.000088 0.2621875 0 0.130884 0 18.03
0 0 0 0 0 0 0 0.7865625 -1.9997524 0 0 0.1966616 3.95
0 0 0 0 0 0 0.197165 0 0 -1.983308 0.393491 0 151.5
0 0 0 0 0 0 0 0.1966616 0 0.392652 -1.9831402 0.392652 49.342
0 0 0 0 0 0 0 0 0.1966616 0 0.7865625 -1.983308 49342