288 288 288 288 288 288 288 288 288 288 288 288 1
0.011658	0.392652	0	0.196326	0	0	0	0	0	0	0	0	11.798018
0	0.011658	0.392652	0	0.196326	0	0	0	0	0	0	0	0
0	0.7865625	0.0168598	0	0	0.1966616	0	0	0	0	0	0	0.00124172
0.0983203125	0	0	0.016692	0.39328125	0	0.0983203125	0	0	0	0	0	11.798018
0	0.130884	0	0.524375	-0.000088	0.2621875	0	0.065442	0	0	0	0	0.329727
0	0	0.203877	0	0.786982	0.000751	0	0	0	0	0	0	0.332244
0	0	0	0.0983203125	0	0	0.016692	0.39328125	0	0.0983203125	0	0	11.798018
0	0	0	0	0.130884	0	0.524375	-0.000088	0.2621875	0	0.065442	0	0.329727
0	0	0	0	0	0	0	0.7865625	0.0002476	0	0	0.1966616	0.331405
0	0	0	0	0	0	0.196326	0	0	0.016692	0.392652	0	15.941
0	0	0	0	0	0	0	0.196326	0	0.375872	0.016692	0.392652	4.141304
0	0	0	0	0	0	0	0	0.196326	0	0.7865625	0.0168598	4.134592