10
0.0000 0.2733 0.2024 0.8299 0.6449 0.7373 0.2224 0.5528 0.8495 0.2785 
0.7267 0.0000 0.3164 0.0986 0.7691 0.3927 0.3203 0.1290 0.3562 0.4330 
0.7976 0.6836 0.0000 0.7400 0.1355 0.6910 0.4659 0.6612 0.3944 0.5695 
0.1701 0.9014 0.2600 0.0000 0.2138 0.5544 0.3580 0.3692 0.7488 0.0608 
0.3551 0.2309 0.8645 0.7862 0.0000 0.3776 0.7029 0.9445 0.6751 0.4341 
0.2627 0.6073 0.3090 0.4456 0.6224 0.0000 0.7383 0.0594 0.3621 0.9734 
0.7776 0.6797 0.5341 0.6420 0.2971 0.2617 0.0000 0.1908 0.8183 0.8237 
0.4472 0.8710 0.3388 0.6308 0.0555 0.9406 0.8092 0.0000 0.6449 0.2848 
0.1505 0.6438 0.6056 0.2512 0.3249 0.6379 0.1817 0.3551 0.0000 0.6510 
0.7215 0.5670 0.4305 0.9392 0.5659 0.0266 0.1763 0.7152 0.3490 0.0000 
