9
0.0000 0.8574 0.9490 0.8739 0.1391 0.9605 0.3598 0.1387 0.8291 
0.1426 0.0000 0.4449 0.2015 0.0940 0.4106 0.5727 0.3006 0.5598 
0.0510 0.5551 0.0000 0.9879 0.7329 0.4548 0.4493 0.4638 0.5397 
0.1261 0.7985 0.0121 0.0000 0.8624 0.6152 0.1609 0.2067 0.7723 
0.8609 0.9060 0.2671 0.1376 0.0000 0.6985 0.3617 0.9340 0.2689 
0.0395 0.5894 0.5452 0.3848 0.3015 0.0000 0.6737 0.7084 0.2214 
0.6402 0.4273 0.5507 0.8391 0.6383 0.3263 0.0000 0.9876 0.4082 
0.8613 0.6994 0.5362 0.7933 0.0660 0.2916 0.0124 0.0000 0.7994 
0.1709 0.4402 0.4603 0.2277 0.7311 0.7786 0.5918 0.2006 0.0000 
