10
0.0000 0.8387 0.0747 0.9228 0.1129 0.4919 0.3363 0.9601 0.4201 0.2581 
0.1613 0.0000 0.1739 0.5936 0.2903 0.2615 0.0329 0.7743 0.3298 0.5406 
0.9253 0.8261 0.0000 0.8775 0.4345 0.9842 0.9824 0.7608 0.3738 0.1821 
0.0772 0.4064 0.1225 0.0000 0.7587 0.5263 0.0062 0.0281 0.0780 0.7133 
0.8871 0.7097 0.5655 0.2413 0.0000 0.5284 0.5804 0.4608 0.1330 0.8970 
0.5081 0.7385 0.0158 0.4737 0.4716 0.0000 0.9739 0.8271 0.4237 0.6196 
0.6637 0.9671 0.0176 0.9938 0.4196 0.0261 0.0000 0.9264 0.8447 0.2130 
0.0399 0.2257 0.2392 0.9719 0.5392 0.1729 0.0736 0.0000 0.1640 0.1631 
0.5799 0.6702 0.6262 0.9220 0.8670 0.5763 0.1553 0.8360 0.0000 0.8102 
0.7419 0.4594 0.8179 0.2867 0.1030 0.3804 0.7870 0.8369 0.1898 0.0000 
