"V1" "V2" "V3"
"1" 0.425950531568867 1.31094093866055 -1.60579308398418
"2" 0.81020605733591 1.11515296917338 -1.43676223303848
"3" 1.11515296917338 0.81020605733591 -1.26773138209277
"4" 1.31094093866055 0.425950531568867 -1.09870053114707
"5" 1.37840487520902 1.38756813824575e-16 -0.929669680201368
"6" 1.31094093866055 -0.425950531568866 -0.760638829255665
"7" 1.11515296917338 -0.81020605733591 -0.591607978309962
"8" 0.81020605733591 -1.11515296917338 -0.422577127364258
"9" 0.425950531568867 -1.31094093866055 -0.253546276418555
"10" 1.7725769469902e-16 -1.37840487520902 -0.0845154254728517
"11" -0.425950531568866 -1.31094093866055 0.0845154254728517
"12" -0.81020605733591 -1.11515296917338 0.253546276418555
"13" -1.11515296917338 -0.81020605733591 0.422577127364258
"14" -1.31094093866055 -0.425950531568867 0.591607978309962
"15" -1.37840487520902 -1.98855009846192e-16 0.760638829255665
"16" -1.31094093866055 0.425950531568866 0.929669680201368
"17" -1.11515296917338 0.81020605733591 1.09870053114707
"18" -0.81020605733591 1.11515296917338 1.26773138209277
"19" -0.425950531568867 1.31094093866055 1.43676223303848
"20" -3.2916004080713e-16 1.37840487520902 1.60579308398418
